0 6693
1 9281
2 9313
3 1133
4 3101
5 1097
6 7713
7 1109
8 11369
9 4193
10 4093
11 15445
12 16961
13 4685
14 8241
15 16397
16 6237
17 15409
18 11829
19 8261
20 6801
21 15497
22 11285
23 5681
24 9825
25 5117
26 8809
27 14389
28 10349
29 5157
30 9765
31 5261
32 16469
33 1081
34 5665
35 11365
36 4685
37 8697
38 10789
39 13473
40 4673
41 7681
42 6181
43 7733
44 9817
45 5693
46 11333
47 9793
48 6177
49 9317
50 12341
51 12337
52 10825
53 7741
54 5681
55 9285
56 6277
57 6737
58 11821
59 14373
60 10809
61 16397
62 2173
63 8265
64 8733
65 14917
66 10257
67 6741
68 10301
69 10817
70 8781
71 93
72 12329
73 59409
74 8765
75 2085
76 6733
77 13829
78 6237
79 15945
80 11293
81 7221
82 4701
83 6285
84 9781
85 64109
86 10789
87 9289
88 11833
89 16461
90 6705
91 4117
92 12857
93 11857
94 7729
95 5693
96 9293
97 3665
98 8745
99 5689
100 61355
101 59303
102 52219
103 63911
104 55227
105 54695
106 52191
107 57283
108 57287
109 56291
110 54231
111 51163
112 4479
113 63947
114 56291
115 57295
116 59359
117 57351
118 55275
119 61343
120 53159
121 447
122 50607
123 56255
124 61419
125 58291
126 51643
127 61371
128 58327
129 54243
130 59327
131 60855
132 991
133 57307
134 56787
135 55339
136 50115
137 59855
138 49599
139 56791
140 56755
141 61411
142 46591
143 61383
144 55743
145 52655
146 57779
147 58763
148 56259
149 51623
150 62955
151 58823
152 54723
153 62959
154 59275
155 52687
156 60323
157 50607
158 53707
159 58335
160 59303
161 58323
162 50163
163 61351
164 62883
165 62403
166 55255
167 56259
168 53671
169 58823
170 58827
171 54707
172 61343
173 61391
174 60355
175 54711
176 52143
177 60339
178 63911
179 52643
180 48619
181 63419
182 57739
183 62387
184 61923
185 52659
186 56315
187 54187
188 58283
189 62371
190 57831
191 49071
192 62927
193 57743
194 55727
195 49111
196 59291
197 58819
198 59347
199 53243